241768539573924186896531742734295618189476325652813497465382971327159864918647253
329654178745183692168279534257846319634912785981537246573468921896721453412395867
178243596529671438346859712432718659967325841851496273285934167713562984694187325
893745216145862397672319584769254138428931765531678429214596873987423651356187942
719623548652418973438957126925861734841732695367549281183275469296184357574396812
765942831234178956198536724476381295859264317312795648943657182527813469681429573
743682951965173482812954736357896124628431579491725863239518647574269318186347295
461728935923145687785396124178964352249513876356287491892471563634852719517639248
437285619182469753965371428691827534723954186548136297216798345854613972379542861
182965347597423186436718952613274598925831674748596213254389761871652439369147825
923874615184536279756921348518769423369142587472385961847253196695418732231697854
762148953918735426543629178256971384431582697897463215124357869379816542685294731
821734965375698124694215387968357412417982536532146798789563241243871659156429873
243579816189326754756481239561832497894715362327694581678943125932157648415268973
486951237192376854735842169271568493954213786368794512549137628623485971817629345
982513647763842195514769382641295738895137264237684519356428971178956423429371856
571369248326854179489712635743285961268941753915637824694123587152478396837596412
856247193912683547374951628687194352521376984439825716295768431743512869168439275
578943216293168745416275983367524891829617534154839672735486129941752368682391457
956128437127534986348769125739286541584371692261495378875913264492657813613842759
396457281128369547754281639913624875685713924472895316547932168269148753831576492
294631758153827946876594132387152694465389271912476385639248517728915463541763829
167958342954632781328741659682173594519264837743589216876495123431826975295317468
374869125829415376651723489285146937913257864746938251468371592532694718197582643
983764512762185934514932768627859341835241697491376825279513486156498273348627159
625138974739246815841795362987524136153867429264319587498671253572983641316452798
691248537475631982328759146514823679269174853783965214937512468142386795856497321
583642719124897563796135824851964372467283951239751648915478236672319485348526197
872594613461283975593716842159372486347865291286941537628437159714659328935128764
347218569829356471615794238461972853582431697973865142194587326758623914236149785
651732489248659317397814526485971263739268154126543798562487931914326875873195642
243517869867329145519486327658274913972163458431895276785941632324658791196732584
649875132817632495352149876235497618796281543481356927963524781524718369178963254
937465182124893576856271934495736218261548793378912465789354621643129857512687349
825697431631482795794531268163954872479218356582763914216879543958346127347125689
594386217186427953327519486251678349943251768678934125432765891715892634869143572
173849625294536178685172493947613582831295764526487931419728356752364819368951247
396482157281675439457193286962854371748316592135729648829531764613947825574268913
963857214521349876748612935235781469814963752679524381482175693356498127197236548
283574916174936258956182734849351672732468591561297843398615427417829365625743189
756294831914835762238617594895372146463951287127468359589126473341789625672543918
745613289819274653623985417238167945176549832594832761961758324387421596452396178
917425386532698174486731925129876453853214697764953812291347568645182739378569241
845961327193287654267354189619532748534876291782149563958613472376428915421795836
849652713571398264263471859157946382394285671628137495912863547485729136736514928
648751293152938674937426518289673145564189327371245869826597431495312786713864952
567439128293158674148627935912786453836514792754392861379241586621875349485963217
897561324642937581315428679263184795574293168189756432756849213438612957921375846
735689124421735968869412537146827359358964271972153846214396785683571492597248613
143962578729548631658137294972386145836451729514279863461795382385624917297813456
876329145931564782254187693593746821682913574147258936725491368318672459469835217
678925413519473628243168957421687539386519274795342186157894362864231795932756841
861397254294651837573428961716983542438572619952164783187236495325849176649715328
128475963765913248493268715389741652247659381516382479631897524872534196954126837
789653124435219768126487935813794652964325871572861493358176249297548316641932587
951278346243619587768453129487391652326745918519826473695182734834567291172934865
319278546852461397674539128783652419296143875145897632437985261561724983928316754
632781945971524386485369712529146837813975264746238591264897153358412679197653428
712543869894672135635819472576284913349157628281396547967438251128765394453921786
328476915674591823915238467586329741742815639193647582251984376839762154467153298
549718362617532894382469517798623145153947286426185973265894731931276458874351629
561342798429178356783695412947851263312967845856234179134526987275489631698713524
624851973351947826879623514218574639596138247743296158987315462132469785465782391
268541379749823561315769428421396857653478192897215643174682935936157284582934716
795681342638472519412593687824316975956748123371925864263154798589267431147839256
492863517685127493713954268148675932527398146936241875371589624259436781864712359
453619278786254319291738645632591784879426153514387926365872491947165832128943567
135487629469213758782596314528674931947351862613928547271835496394762185856149273
187453629635892471942671538524187963796324185813965247351248796279536814468719352
239714586516298347748356291623947158975183624481625739197832465364579812852461973
736528194129374568854619273293756841587241639641893752918467325475132986362985417
795423186634198572182765493426817359857239614913546728378954261561382947249671835
968254713312978564754361892491726358236185479875493621187639245529847136643512987
154329768682574193973618254368295471429137685715846932246783519531962847897451326
296475381481392756357168429942716835578923614163854297614289573839547162725631948
162843597839576421745912863293467185617285934458391276986134752324759618571628349
762154938395876241148932657687519324921643785534287169276495813853721496419368572
275163489183429567946578321462897135857231694319654872734985216528716943691342758
723198456948625731516473892287961345651734289439582167364257918175849623892316574
798534612245619837316827495482763951569281743173945268951472386824356179637198524
148367295375192846269845137651928374937514628482736951826453719513679482794281563
578961432614832795932475618761523984893147256425698173147356829386219547259784361
549763812137248596862159743681925374924317658753684921496531287378492165215876439
892746153731925486465138297519683742247519638386274915953467821628391574174852369
762489153948315267135672984274953618613248579589761342896124735421537896357896421
486327519712549683359168742967213458528694137143785926835971264294856371671432895
416823759923576418587491236872315964391647825645289173269738541134952687758164392
219678453438952716657314289871436592963285174524791638792563841386147925145829367
982567134146983527735421968524316879861792345397854216653179482478235691219648753
841269573625347198937158462298573641563914827174826935719682354456731289382495716
723948516546713829198562734457326981389175462261489375834691257912857643675234198
726413589849526137351798264162875943937264815485931672518342796673159428294687351
178425369926738154354196728691257843832614597547389612285963471769841235413572986
317624589865973142492185376759246831128357964643891725984532617571468293236719458
928476513156389427374512869537248691862951374419637285785123946293764158641895732
294138657357246918186795234749823561863517429521964783438659172915372846672481395
125378649873649251469251837346782195592416783718593462954827316231964578687135924
842563917735912864691748253418379625563281479279654381384125796957836142126497538
687194235429538176315627948574982361832416597961753482158379624743265819296841753
198726543246835179537914826782149635413657982965382417351298764629471358874563291
193854276574926183826173594312689457659417832748532961481765329937248615265391748
175286934348591762296347815487963251923175486651428379764859123819632547532714698
894153627637289541215764398389627154176548239452931876963875412748312965521496783
913482657586971234724536891875364912391258746462719385259847163138625479647193528
365479281421835976798612534819347625654298713273156498142763859586921347937584162
184625379763984215259713468875392146926148537431576892392457681618239754547861923
913687254546293817287154639825469173479321568631875492192538746358746921764912385
853269174276413598941857326124685937385792461769134285432576819698341752517928643
462381597758296341931547682687453219245169873193728465529674138816932754374815926
732598641489162753165374289623815974874936125591247836218459367956783412347621598
687534219529716348431829576256187493748392651913465827175643982394278165862951734
487615932162983457359247681574128369691534728823769514918376245235491876746852193
167825349523964817489137625634782951712596438958413762341279586875641293296358174
356974281917682534482531769578423196129768453634159827261897345845316972793245618
128695473375428169649317528916234857283756941457189632791542386532861794864973215
562197843789234651413865297638951472175423986924678315356789124847312569291546738
892365741631247859754819236413576982267984315985132674549728163176493528328651497
597268134614357892238149765149785623385692471762431958921873546453916287876524319
532984671978163245164275893625391784781426539493758126357819462819642357246537918
691458723274936851583721649769513284425879316138642975846295137917384562352167498
536472198194836752872591346617285934458319627923764581249657813365148279781923465
269541738843276951157893264634129587728465193915387426492618375381752649576934812
485712369672359481139864275268193547953427618741586923826931754597648132314275896
542736891389451627176982354291345768864127539735698142927863415413579286658214973
467281395125936784389475621874312569691548273253697148536824917742159836918763452
692385741514927368738461925845732619971856432263194587457618293386279154129543876
136279845894531627275846913681953274943762581527184396752618439369427158418395762
578139642964752183123684957649318275251947368387265419892471536716523894435896721
487693512139527648562418397918756423623984751754132986296875134341269875875341269
573649218261837945849125376935264781614798532728513694186972453357486129492351867
452613987398457126176829534985762341617348259234591678543986712729134865861275493
946581723137246985852379641591728364364915872278634519783192456629457138415863297
914682753627395184835417629542976318386241597791853246159768432473129865268534971
759614328634278195812359647375162984941783256268945713527431869186597432493826571
912386745764125938385947126421879653673254891598631472156793284849512367237468519
738165249952874361146392785471253896893416527265987134329741658687529413514638972
387261945246953178951487632865734291712598364493612857634125789529876413178349526
562493817719826453438715692345968271987132546126574389893241765651387924274659138
937628541418795263625314978346179825281543697759286134574862319163957482892431756
312867954697415238854293176938742615571936482246158793723689541489521367165374829
541279386893645217276813594624138975387952461915764823469581732752396148138427659
925384716837261495614597832183729654542638179796145328451976283278453961369812547
168759324297314568453862179324176985719485632586293741931648257872531496645927813
143852679597416328628397541781643295934275816256981437365729184872164953419538762
536798214821453976794162583615937842389241765247586139173625498962874351458319627
271456389365978412489312567926783145518649723743521896854267931637194258192835674
534629817978341526126785934451897362762153498389264175615432789893576241247918653
395617824187342695264958317546289173923174568871563942652731489439826751718495236
698275341247139658513864972736521894154986723982743516329617485471358269865492137
215397486687124359394685217871536942536942871942718635729853164163479528458261793
324716958769582143581349276276891435138254697945673821892137564657428319413965782
831247965542963718697158342965731284728495136314682597253814679479326851186579423
821645739496837512537129468364572981278961354915483627642758193153294876789316245
256198473843675129179432568915827634764351892382946715637284951598713246421569387
163945827987321654425768931752483169641259378839617245596134782378592416214876593
472698135659731248831245697286954713395172864714863952963427581147589326528316479
154396728923587416768241593416729835572138964839654271641975382387462159295813647
934681572265739148718524639176293485423857916859416327342975861697148253581362794
419786523526139487387245961698571234745328619132964875963412758874653192251897346
345682719876419235912537846264375198759168423183294657537821964491756382628943571
541298367278364195369175248823651479457982631916437852784513926192746583635829714
241597863539816724876342591327459618415628379968731452782164935693285147154973286
128467395937152846456983712791248563584396271362715984213679458675824139849531627
657891423384752691921463875579624318832915764416387259268139547793546182145278936
826174953794563182531892764683729415952641378147358296278415639415936827369287541
631578249489261753527394618754136892362859174198742365915623487276485931843917526
129736854375814629684295173263451987497628531851973462716389245538142796942567318
649251783523678419187394625392846157876915342415732968754183296961527834238469571
186932457324576981579184263893725146417863592265419738752698314641357829938241675
821359467759614328364728591492573186173862954685491732938146275516237849247985613
715628349963451782248973615324716598681395427579284163152847936837169254496532871
946573281325418697871629543284136759763895124519742836137254968458961372692387415
917648532643925781258371946124536897895714623736892154482169375571283469369457218
736149528489725136152863794528637941364951287917482653241578369693214875875396412
532418976164975832789236514658129743241387659973654128895742361416593287327861495
297386541384159267156427839425693178739814625861275493942531786578962314613748952
724156839315892746986374215852917364679438521431625987547263198298741653163589472
751628493923547816486139752237914685569872134148365927874293561315786249692451378
179382465264795183835146927526834791798651342341279856983527614657418239412963578
786491235254738691913526784521873469437965812869214357678152943142389576395647128
289543716571862349634179852862714935195326487743958621927431568418695273356287194
249538176513764298678912435482176953196253784735849612327495861954681327861327549
516249738327685491498713526739561842281374965654928173165437289842196357973852614
179528643326174985845963721654289137938751264712346859591632478463817592287495316
374569281521487639869312475693148527748235196215976348482751963956823714137694852
874129653629435178315876294492658731563791482781243569947362815238517946156984327
691375428743218569825469713418623957537941682962587134159834276284756391376192845
825739461413652987697148352134286579569417823278395146346571298781924635952863714
473825916518679423926143875642718359739256184185394267291537648854962731367481592
923651874146798352758432196384975621297816543561324789475263918612589437839147265
417682395653179842829453671368295714541768923972341568135927486296834157784516239
846935172972186354531724689729653418685417293413298567298541736164379825357862941
423578619697142385158396742371624958562839471984751263235487196719265834846913527
975821436162943785384567219723456198619382547458179623297634851836215974541798362
176295834589341672324786159618974325257638491943152786862513947491827563735469218
781392546423657981956148372248735619637921458195864237572486193869513724314279865
736518492584692137219473658897341526345269781162785349421836975953127864678954213
782659341351487269496321587843172695679845123125936874937568412264713958518294736
387421596249568713516379842925136478863947125174852639692784351431695287758213964
946351872823497156517286394239745681761823549485169723152938467398674215674512938
263451897198627453754938216581379642476512938932864571815243769349786125627195384
583491726714362589962587341135879462826134975479256138247918653651723894398645217
763124985489756132152893467328641759675289341941537628234918576517362894896475213
367125984459386712182794536216458397748239651935617428873941265524863179691572843
629743581415826379387159246752934168163278495948615732536481927294567813871392654
649275831718394562325618749284537196971462385563981427456723918132859674897146253
315249678647835291829671354591328467738564129264197835172456983983712546456983712
269518374378642519451397286816429753793156842524783691682971435147235968935864127
982347615437516829156298473763459182518623794294781356679835241321974568845162937
968745231174832695325196784851429367296317458743658129519273846637584912482961573
259431786147856293638792541382679154975184632416523879821345967764918325593267418
738916452146235789592478613367129845259784361481563927824357196975641238613892574
942153678538976124167428359275684913483791562619532847896245731721369485354817296
236194857187256943594378216629435178871629435453781629962547381315862794748913562
573918426941562387826473159714659832239784615685231974458197263397826541162345798
168235479347918256295467138514789623629143785873652941732896514981524367456371892
423576981687913254159824673316295748845167329792438165968741532274359816531682497
694581273127346895835729416579864321416253789382197564241975638753618942968432157
195684237348721965762593814423918576671352498859467123284136759537249681916875342
851793624247615398936284751714928563369547812528136479682359147495871236173462985
439852167186397524752416983273149856918675432645283719397561248821734695564928371
498527316135649872762813495679485231281736549354291687916358724847162953523974168
261498537543726918879531462786215349435679281912843675157362894324987156698154723
258169743394287651167345829649538217821674395735912468983456172516723984472891536
341859726268147395975362841187425963423691578659738412536914287714283659892576134
234657819685912437791348526142579683573286194869134752928761345316495278457823961
597413628182569347364728195871345269629871534435296871248657913713982456956134782
471592638239678514586431792397245861654187329128369475842716953713954286965823147
867492351359781264214365789596123478142578936783649512471236895628957143935814627
217369845358417629946528731479631258165842973832975416621793584784156392593284167
678543192953821476412769358781954263524316789396278541849137625165482937237695814
782143695435269187691875432564927813927318564318654729876492351243581976159736248
824751396716392458395684271579236814482179635631845927257968143163427589948513762
456917328723685914198243675217896453584371269369524187832159746945762831671438592
481975326397621854625483197173596482946218573852734619238167945714359268569842731
574831296621759348938426157493287561285614973716593482369175824142968735857342619
726519438153428679498763215534197826281654793679832541812976354365241987947385162
493768215672145389815239674924816753361527948758394126546972831187653492239481567
649835127287194635135276948796548213823917564451362789912783456568429371374651892
759263148381974562642185379874632951136597284925841736213458697497316825568729413
896147253415263897237985461378416925154792638629358714562834179741529386983671542
524876193736192845891435762347658219619324578285719436478563921953241687162987354
481765329965432871273819546817293654654178293392546718538921467729684135146357982
176893245328754196459126387812935674934672518765481932683517429591248763247369851
419567382836421957572938461143685279695372148287194536324716895968253714751849623
195234786367891254482756139729648513853912647614375892931567428578423961246189375
931564827678312954524987613482756139316849572759123468897631245263495781145278396
234816975956374281187259436361792548798543612425168397519637824873425169642981753
829147356516329478473685219285736194791254863634891725148562937357918642962473581
436195827975823641218674359741286593693457218582931476864519732157362984329748165
217854396486139257539267481962785143354912678178643925743591862821476539695328714
213468795495173268678259314127345986956781432384692571561927843742836159839514627
427631985693578124185249763942163857768495231531782649879324516214956378356817492
387452691651879342429361875162985437943127568875643129536798214718234956294516783
974168532538247196621359748187925364396714285452683971263491857745832619819576423
983421576762895314541637982639214758825376149417958263196543827278169435354782691
542738619981564723376192458497856231168423597253917864729385146614279385835641972
457321698219786435638594172143269857795138264826475319562943781371852946984617523
359617248418325679267894513796581324534276981182943756645132897921768435873459162
864213975529876431173459286382591647641782593957634128718945362295368714436127859
315826794274913658968754321839172465742365189156498273493687512621539847587241936
345287961127946538968351274651729483472138659893564127786495312219673845534812796
128496357764153298935827641386274519541689723279315486697548132413962875852731964
354127968912863475768459312629534187531786249847291653495318726276945831183672594
916453782348267915527891463261539847794128356835746129189675234672384591453912678
138294675429756138576318294253169487961847352784523916842971563617435829395682741
172436598384795216659821374498657132215943867763218945841372659527169483936584721
256917483479583621183426759791358264825649137634172598918765342542831976367294815
891257436356894127724613859217386594685942713439571682968435271143728965572169348
872145396694387521315296874928761453541938762736452189489673215267514938153829647
256938174317546298894217653963421587185793426472685931721854369639172845548369712
529378641371462589468915723742653918693184275815297364156749832934826157287531496
567389421912465783843712596186527349379148265425936178638271954254693817791854632
596127438482963571731845629945732186823651947167489352219574863358216794674398215
215834796436792518789165324342957681967418235158623479871346952594271863623589147
729814653183756429645923781297681345531497268864235197978342516416579832352168974
516438972382769145974125863437956218168273594259814637643581729821397456795642381
761489325358127946249635187682943571413578692975261834526394718137852469894716253
943128756218756934756934182879215643561473829432689571124897365685341297397562418
864925731175638429932417586258391674796854312413276895629743158341589267587162943
971356842543128796862794135437962581218475963659813427395681274724539618186247359
479326815261985437835471926342659781597812364186734592628543179953167248714298653
845329716937516248126784539783452691251968374469137825572691483314875962698243157
437596128126378549958214673793825416845761392261943785582137964619452837374689251
175436928426598713398172564653287149217954386984361257749825631862713495531649872
845173629219456837367928541971362485534891762682745193458219376796534218123687954
128435769934176582576892314751269438492387156683514297865741923317928645249653871
394152768168397245572846913651739824839624157247518639723965481485271396916483572
426513789579826413318974265694732851251498637837651942142367598785149326963285174
251789364483126957976435128345891276812657493697342815724513689539268741168974532
138265794726194583594738162457329618381476259962851347675983421813642975249517836
198657423245983176736214859957842361324169785861375942679538214582491637413726598
173248569869573241524961378296157483741832695385694127918326754637485912452719836
634851792928764135571239486162497358857623941493518627345172869219386574786945213
619478235253691874748235961197524683824369517365187429931846752482753196576912348
421659387769318542385274196853196724194782653672543819217965438538427961946831275
568239714924178365317546829281697543436825197759413682195762438672384951843951276
974283651831654927652719348297431865185976234463825719529348176316597482748162593
924365718758491236631278594873152649265943187419687325592714863347826951186539472
612794835379582461458163729721945386834621957596378142247859613983216574165437298
648513279193287645725469138956834712281675493437192856369748521514926387872351964
587941236412536789639728154961352478728469315345187962874693521293815647156274893
278594361635821479941673582194756823587239146362148795456917238813462957729385614
753649281819725346426138579547891623261357894398462157975216438684573912132984765
973482651546391287821576934617243598289765413354819762768934125495128376132657849
845376192276519384319248765627483519981725643534691278762834951493157826158962437
183297456257486139649315782436528971728139564591674823374861295912753648865942317
183564729726193584594782361941657832672831945835249617268915473457328196319476258
548712369392654718716389425934267851867145293125893674653471982289536147471928536
419372568625918734378546219982467153734185926156293487861759342593824671247631895
439682715268157394517943628856479231923816457174325869681534972342791586795268143
935247618274186395168539274392714586817653429546928137489362751721495863653871942
438716529971452368652398147314527986269831475587649231793265814146983752825174693
152983674463217589789465312895174236641532798327896145218359467974621853536748921
634728195721659438859341672316294857942875361587163249465912783278536914193487526
362571894941283675785694231428137569137965482659428713893752146274316958516849327
468253179392761485571894632245917368819635247637428591783142956924576813156389724
136274589495168237287935641354817926812596473769342158678459312523681794941723865
126489357357621948849753162985167423764832591231945876493278615678514239512396784
765248139843519726921376485459821367187963254632457918298735641376184592514692873
574369821239518746618247539926473158487195362153682974395826417742931685861754293
437526198658197432912384765526743819194862357783915624341279586275638941869451273
724135986639872415185496327462358791973214568851967234318749652597621843246583179
695728341481653972372149865546831729219567438837294156168372594754986213923415687
159483672763129845428765931892316457671954283534872169345691728986237514217548396
437512896561879234298643571129785463386421759754396182813954627945267318672138945
354712698678539241291684735782961453465378912913425867137246589526893174849157326
354296781216587439897143562569832174781964253423715896942658317178329645635471928
758326491219487356643951782972813564184562973365749218891235647427698135536174829
241586397673129845985374216419653782532817469768492153896231574357948621124765938
965728143784316295132495768547239816623581974891647532456172389379854621218963457
524839167738651429619274538972185346483926715165347892251468973896713254347592681
497218356326597148185634729641953872973862514852471963739126485564789231218345697
958731246416582379273946518865314927134297685729658431382165794647829153591473862
967534128285961743314827956726413895159782634843659217531278469698145372472396581
982461735617358294543297186731649528498725361256183947124976853365812479879534612
791245683548396172623781495382159764967428531154673829479562318836914257215837946
195267483463518729782439615276143958514896372839725146941352867657984231328671594
629374581185692374374851926562783419918426735743519862251938647896247153437165298
614798253382165479759432186836274591971356824425981637298647315163529748547813962
437592816982716435156438927523867149679124358841359672318975264295643781764281593
157983426486512937923764851895246713362871549714359682278635194549127368631498275
213587649689124375547693821936251487825476913471938256394712568168345792752869134
512768349869134752743259861651427983378596214294813576435971628126385497987642135
643152987127869345598347261875421639962538174431976528319684752754293816286715493
791263548365841792482579631923416857674958123518327964859134276146792385237685419
931425867748163259526798341462981735319576482857234916193642578285317694674859123
741893265382456197956127384235761849679248513418935726867514932524389671193672458
524873619913256478786941253861732594495168732237495186652387941379614825148529367
489315627712469583356827941175986432863274195294153876941532768527648319638791254
926784315541396872738512496459638721287941563613257948875129634164873259392465187
948631572327985614561247389689723145432519768175864923813496257794152836256378491
579648132261537984483912657326879541817453269945261873792386415158794326634125798
985726431236154978147398256751689324469532817328417569594271683673845192812963745
354267918679184235281539674135892746742356891968741523893475162527613489416928357
417653892386429715295817463978236154154978326632145978821594637563781249749362581
524631987731982465968745213247396851196458732385217649459823176873169524612574398
975132486218465739364789125742893561156247893839651274623518947481976352597324618
753496218862153974941827563415982736396714852287635149124378695678549321539261487
153987462849236175627415893312658749564729381798143256981572634275364918436891527
274351869658947123193862574785634912941278635362195487439786251817529346526413798
948216375237584961651937482376192548194865237825473196419628753782359614563741829
568124379342795168791836542453981726179362485826457931985243617237619854614578293
324651897971824563856793124467519382532486719189372645215938476748265931693147258
584319672326475819971628543863751294745296138219834765198563427437182956652947381
746195382521834697938627451352786914164359728897241536289463175613572849475918263
867539421124687359593142786358271694941356278672894135219765843436928517785413962
768129534395674218241358796417536982986742351523981467179463825834215679652897143
526937418348165972917248635192386547685794321734512869263879154871453296459621783
487639521613527489952418673146283957529741836738956214391862745264375198875194362
456192378381475926297386514824619753719853462563724189648531297935267841172948635
975831462648572139231694587827415693364928715159367824412789356596143278783256941
189627453723845691546319287472951836395468712861732945257184369934576128618293574
235176984748935612916248375127683459864759231593412768371824596459361827682597143
451839762967421583382576941214695378836742195795318624173984256628157439549263817
862457193374921865519836274738169542146275938295384617987642351421593786653718429
714692538382451679569738124693514782845267391127389465458973216976125843231846957
516937842479628153238451769162743985347895621985162374794516238853279416621384597
592614738463587219871239654938176542715428963624953187386791425159342876247865391
723659418195482763846317259478931526659278134231564897564723981317895642982146375
395468721764129538821753946579384162436912857218675493143297685682541379957836214
964852137817396452523417986278634591145789623396125748482961375751243869639578214
268195734341782956975643128592876413684319572713254689159428367837961245426537891
957468321268713594413925876175246938692387415834591762346872159781659243529134687
561427839823619574749853612398176245215348796476592381682931457934765128157284963
823546197194273586756189432385791624941625873672438915468317259217954368539862741
237458196154296387869371542428913675591764238673582419346827951982135764715649823
954631728721895643368742159246578931179324865835169472493216587682957314517483296
582619743349572816167438295738241659426795138915863472693184527854327961271956384
913468752784235961625791483198673245456812397372549618867354129531926874249187536
295687134471523896386914572127398465634275918958461723762859341849136257513742689
546972831128634597379581642834716925752893416961425783285369174417258369693147258
215674389968531247743982615452167938871493526396825174637249851184356792529718463
376241859419583627825796431697428315138659274254137968982315746563974182741862593
695134287742856193381297456413968572927541368856723914134675829278319645569482731
975184623348762951612935748453279186289316574761458239124897365896523417537641892
716483952528196347349275186935624718271839465684517293197358624453962871862741539
319548267764329185825176439643297518178635942592814376281963754957481623436752891
621348795548971623937652481374829516852167349169435278415783962286594137793216854
127358694685941732349726851268419573534867219791235468972583146456192387813674925
241983765763125984859746231386274159912358476574619823627431598135892647498567312
625791384147835629839426715498653271516274893372189546981567432754312968263948157
531287496468931725279564813854793261712856349396412587625178934983645172147329658
245197386673852194189634725862715943351489672497263518534921867928376451716548239
671428539253917468948536721412783956869254317735169842584691273326875194197342685
526947318341856927798123564185294736472638159963571842817362495654719283239485671
748521693359678421261934875917356284435892716682417359173245968824169537596783142
347691285682753491159824637876512349491376528523489716968235174214967853735148962
312946857564782193798513624123695478845271936976834215251368749487159362639427581
857164923193527684246398175578431296312679548469285731925813467784956312631742859
975438261218965347463217589521786934839542716746391825197623458652874193384159672
237495681158623947496178532361859724842736195975241368583912476729564813614387259
561483297392765841874219653489532176715896324623174589946328715237951468158647932
617354289923187564548269371152643897396872415784915623439726158865491732271538946
298573164615498237734261589943627815162845973587139426876914352421356798359782641
982546371176893254435712986861429537593678142247135698629384715314257869758961423
693457821718962534254183679579236418382514967146879253827641395935728146461395782
658742193743961258192385476376418529524693781981257364435826917269174835817539642
165482397893751264247396185586924713921673458374815629752139846439268571618547932
574319682186427953923685741749251368362748195815936274491863527257194836638572419
187695243265483719439127856874956321326718495951342678692871534713564982548239167
349526781712384596865791423678435912923817645451962837534279168187643259296158374
324698517678215943195743286237869451469157832581324679953476128716582394842931765
865149327137286594429375168654913782982754613713862459596438271378521946241697835
578914326632578491194362758813456972957821643426739815389245167241687539765193284
962438571483571692517629483794213856136895247825746319649152738358967124271384965
348196257279534618561287394136942875795863142482751963954628731813479526627315489
712384965683295174549716382258637491496521837137849526921468753374952618865173249
483571296152698437697432581845129763921367854736854912369745128278913645514286379
152987643649153827387642591471569382826374159593821764738295416964718235215436978
653829741427561893819437256798156432564382179231974568145698327982743615376215984
978264153345718296612359478264583917593671842781492635427136589856947321139825764
526179834749583216138426597291764358657832149384915762963258471815647923472391685
359174268267389145148562973613958724794213586582647319825736491471895632936421857
875243169129867435463951278698372541247195386351486792982714653514639827736528914
153849762798621453426573189932158647845736291671492538287964315514387926369215874
915274368874356291623189475431895627796421583582763914268537149349618752157942836
756324819329158764814769325293587641568941273471632598937816452182475936645293187
827316954419857623356942871932571468574689312681234597268193745143765289795428136
183952467296784315547163892678491253951328674432576981724619538819235746365847129
312789564875426193469351728128563947543197286697842351951674832234918675786235419
273489165548617392169532487487261953951843726632975814816754239394126578725398641
189546732345972681267318594472639815598421376613857249936284157754163928821795463
243871956951463782678592413137986245482715369569324178795248631314659827826137594
465398217398127654172564398957842163614935782823716945239481576781653429546279831
438269157175348926629175834986412573247853619513796482351924768792681345864537291
453672189698541732271893645935417826814926573726358914382169457149735268567284391
217936485568124937934578216759413862183652749642897351421369578376285194895741623
125349687369578412847216539714892356596734821238651794452163978683927145971485263
175834629389612754264957138918365247756248391423791865532179486641583972897426513
396271854542968713817453269278314596935726481461895372623187945759642138184539627
461789253398245761572163498913524687856917342247638915635892174184376529729451836
924356718651798234873142659582479361169583472437621985746915823318264597295837146
985367124314528976267491358472615893698273541153984267739856412541732689826149735
783462591524719863916538742675143289241987356398256174869371425157624938432895617
742691835183754962695328417539472681218569743476183259967835124324916578851247396
815427396236915874794683152342891765671254983958376421483569217169732548527148639
317985426542617893896324157428176935173592648965438712681243579739851264254769381
493172568126985743785463912518239674679814325234756891947328156851647239362591487
142783695735619248896425317961532874257948163483167529629354781314876952578291436
512674839498352716376198542985743621631529487247861953824937165753416298169285374
736845291829163457541972863475639128183524976962781534218357649394216785657498312
851463729967512438234978165715624893629381574483759612142837956578296341396145287
274589136659213478831647259497168325568324917123795684786431592345972861912856743
948132675153467289627589314581274936794653128362891457839716542415928763276345891
847652139163479825529381476491827563258163794736594281914238657385746912672915348
123859746674123958598674213386491572742538691915762384439217865857346129261985437
239854716154967382687312945361475829472189563598623174845291637913746258726538491
354971268962834517718652349471398652629145873583267491896413725247589136135726984
475926318813457269692381745358614927769235184241879536137548692924763851586192473
458632971936417258721985436267594813194378562583261749645823197819746325372159684
512964387479318562368527914196283475243751896857496231624879153785132649931645728
564783921237619845819245367945368172783521496621974583396852714178436259452197638
541386972679152483832947651457298136318674295296513847925831764184765329763429518
385429617976581234142763859653872941298145763417396582721638495834957126569214378
246785193781392456539641278964153782375268941128974635413829567652437819897516324
214593786679814235835276194148365927752189463396742518561937842923458671487621359
369584172571326849482197563624918357193765428758243916216859734935472681847631295
412785369358649172769123584194372658623958741875416293237594816546831927981267435
418923765297658134536741982685437291174289653923516478862175349751394826349862517
275364198316978245498125376834716529659482713721539864563241987982657431147893652
234976815781352469695184732468739521517268943923415678376591284852643197149827356
385276491169354278274918365821549637953762184746831952438197526692485713517623849
549761382726835419813492567134529678698317245275648931961273854387954126452186793
782463915143597826659281347375649281298315764416728539924876153837154692561932478
763259481521483769948176325175894632486312957392765814237548196654931278819627543
823419657659728314417536982578943126931652748264187593782395461196274835345861279
694587231753241986812963457147632598938475162526819743289756314471398625365124879
169387524285149367437265918648923751352471689791856243923618475874592136516734892
753698421846521379129473865968215743231749658574836192412357986385964217697182534
183467925745829631269351784897542316412693578536178249924785163358216497671934852
612743589534298167879156243493587612756421938128639754381962475965874321247315896
473896512152374698689215347245731986718649235936528471821453769564987123397162854
526147983317958246849623571172894365985361724463275198294516837658739412731482659
618425739534879621279631458842597316961384572357162984783246195495718263126953847
961238547253741869784659123478125936615397482329486751532914678147862395896573214
795236814483159726162748953321685497576492138849371562937524681218967345654813279
628975314973146852154382976281593647736421598495768123869254731347619285512837469
976354218243198657185276394352981746761435982894762531618523479529847163437619825
691538724825147693734962851378456219952871346146293578463715982217689435589324167
