041760009570920080890001702730095600189476000052803000005302971320059004000007253
329000100700183002168000534257000309004902085901000200503408901000021403012305800
070203596020071430340850702000018609960020001850406073085900067003002900004100305
893005200105060007672010004709200030428001065500078409214000003000023651006007042
000623008002010073438950020900861004041032090007040201103270409206104000070096010
765040800000178056108036020006301095800200317012700640043650080027803409600020503
703080051065170002800050706050806020028400009400020803009510007000209018106300200
061028005920005680705300124100960350200503070056287000090070560634002010010639208
000280010102460050900071400691820500003950006048006207200708305850003970300042001
002000047007420100406708002010204590900801070740500210004089060070602039009047800
923070010104506009000921048500769400000002587002005960840253100690008032230000804
702048003900705006003609170206970080000502607097403015004350060309010542680000731
020704960075090120090200087960350000410902036002106790780500241203070650150009800
203009006100320700706080039560030400090010300307604500078903025900157048415008003
086900207190300804005040069201008003904213700060700510509007020020080970010629340
982500047003042105500760080041090730805130060000680510300408001108000023020301850
571000200020050179009712000703080960260900700915600000600100500152008300830500400
806240103010080540304000628600100302020306904039005016290068030743500060168000200
570903200290008045016275003367520090800007534050830670000486120040750360600090450
056108400120004006308009005000086541080371090201005308800013260000650003610042700
090400281028300047704280009003024075085700920072005300540932160000040703030076400
290630050000820906800590002000052090405089270012406000039248010708910400041060809
160050300054032080000740659602003004000260830003089006006090123001820075200307068
000869120820015300050023409085040900903000860706008001460000502530090010000082600
003700012700080934510900700027009340800240690091370005009013080056008203340007009
625030970039000810001700360000520036100800429004000507090001203502980041306000708
691048007005001002020050040500020609209174000780065004937000060102380005856007301
080602009124000063006135004801060300400003901030001648010408030072300400348000007
002594000461083900003010842109302000007865200006901507608407000714000308900020764
047200060800006471010094238400072850082000097973860000194500020058023004030109780
600002080040600317390004526480970003009200150120503098002000931010300805800100642
200007869060029045500480020600274913970163000430895200785001030300608090090030504
640875000800632400352100870030097018096080503480050027060020081024018069178060050
030460100020003070856070030405006010201040700008900065089004620600100857002600309
000097430601002705700501260163954000409010006500763014016870040008300120307020609
590080210080020950300010486201608009943200060070930100432005800700002630809040570
103000625000506108080070403047603502000295764500000931409708006702364800300901200
090482007081075030400190080960004300700016590135000600820000764610040020000068910
900857204021340006748010000235701409000063052009520380480075003050490100007206500
083500916104030000056180730049300072730068090060297800398010020017829060605043080
750094800004035002030617004095002106460000207027408009080126073300700605602543010
705003080800270603600900017030167900076540002094802001000758020007001500050006178
000025086032008074486700905000870453800004697700053810000347500045100009370009040
805000027190287000067354000019030700534870001700140503908010400006428010001090806
000650013001008264063070009150940082000200601020007095012800540400020136000014928
008750203050938070007420518080000045004180007070200069000597430095000786013060902
007400020090000674008620930012786000806500000000390801070041580621805000085060007
007001304600900581005420079260104095504293000109706000706800003038612000900070806
005089020001035008860400530046020350050004201970000846014000705083001402097040003
003000570700508630058007204000086045830001729010270063461705300385000900090803056
800029140901560700054107090090700021602900074040258900705090360010002450469000010
078025400519070028200160907021000530300509200090002106007000062804030095902050840
861000250000650037503408060006903042008002609052000080007030490020049076040715028
108005963065903040003008710389701002200059381016380009031807000870530106950100830
709603100005210700106487900813004002060305001502061090350070200097508000601030580
050278046200019007008053120487390050006740018010826403095180000004500201070930865
319008040802001097670009120083050419200040875100800032037080200561700083908310750
632701905901500080080309002529140000813970000000238091060800150308010600100053420
712003860094072035000010472500284013340007008001096040907038000100765390450021706
300476010670000820015230007080309701040005609090007580051980070009700104060153290
000718002617500800300400510700620045003900086400185070205804000901076450870300009
000342700020178050003005012000851200312067005056230070100020907005409030090700524
600051970001047800800623010218574000500108007743290008087005062130009785000782091
260040379749000001015700000401096007650008090097210600004000905030050284582000000
090081040030000519000503607024016970050700103000905064203104700589200001140830056
092803000680127490000050268048600902007308046006000875301509020059006781000702350
450019008780000309090708005632090780079420050500380906065800491047105830120943000
035087629000213008080006314020670001907350800613008507070805406390700100850040073
100053600605000470002000530520007900090024180810965000050008796200506804468709000
030004580510208300008356090003947008900080020080605709107830405004500802052461070
030020194109300508054009070293006800580240039601890050000067025075100900360005000
795020080034008572182705003026810050850030004000040728300050061061080040209601835
968004010310900504754001090091706008206180079875400600187009200000047006000512907
050309008080570193070618054300090471400037085705840902206083019000962047097451020
290405081400300706350060029000016830008903004063800007614089070000547102005601940
002003590009006420045900803093460005017005030458390200900104750300759008501608000
760000930005870041140900607080519300901043700530280109070000813053720006419308070
275000480003429507940078000060090030057230094319054000004980216000710943091302008
020000456940025000010070802087901300600030080039580067304007010000840623890006500
008504612040019830300800005082060050500201003103000208900470380004006179637008500
148060090370100006060005037050928070037500008082700050806053010500600080704201003
578960002600032005932400008000523080003047056025098000107050820086010540059784001
049703810000008596802050703081925070004000608003680901000530087000402165210870009
802000053730905406005138090019080002200500638306004005953000801008300504000852060
760009050940315007105070980070050008000248509009060340890120030001537096007090001
400300519700009683359000042960003450008090037040700926835970004094050301601032005
006823700023506408507400036800010960301640820600080170269730001004900087050064390
000078053038900706007310200000406590063080074520000630700063040306047005145029000
080067100100903027705400908024010079000792040097800200600079000478030600209600753
041260500020307008007100460200073640060014807174026005700600354450001089300005016
020948010040010029108060730007020081089170060201009370830090200910807003675030090
706003080040000137001798000100875040900260010480001672510042000073050020090607350
070000069026030000054190008001257803832600500507080012080903401700840035403072900
010604080865970042002105306750006830028000064640000025904002007001408093006010050
920000513150080020074002060500248091862051070019600205700023046090760000040890700
000138607007240910180790200700823500060517420520004703038000172905000846602480390
120300049003609250469050830000082090090410700008500462950020016201900008600030924
040560010705002804691708000410009020500200400000050381004005700950806040020400508
600104035020500100010027040574980060800406500900050080108009604703060019006801703
108020000206000079030900026002149000400057902000302417000298704620001300800563090
190000270074920103820173000302080450009407032000530061480065300030208600260391000
170286000308091002200340015087000051923100080601028000064050103800032040532004008
094153000007209540205064008080027150006000239050001870903070410040300905500400003
903002057500970230004536890800364002300058746400700305000800063100020070640000528
065009081420035900090000534800340600604098010203050090102060050586001007900084002
004020009000984205059010468800090100900140530430000802000407001608230000540001023
913680000546093010200150630020000173479021000030870090002038040008046921064010085
803200004070003098901807000100605930080790001000134005402500019098300702500928003
460080090050290341930047600007003009200169070103008060000070038800930750004010906
732098600080100053065074280603810004074036005001240800200059367950780410347000590
680530010500016048430009570056100490048390050000000827105043080090008100860051000
007010930000983000050247001500000069601030708800069014908306200005401806706002003
007800349523964000480030025630080050700096438958003000001270006800041003200358170
356900080907680500082031709570420096000768400030109820200800340005016070090240008
020095400075008009049300508900034007280006040057109030701500006500860090800900015
562000043080030650010800207608951000070400980900008015356700104047002560091500738
092300740631047800700810036003570080067980000080102074049028100006403508328600090
090208004604007090008149005000705600305090071002430950920003506050910207070024310
532000671000160200004270003605301004701006500400758020300810000010602357200537018
090400723004036850580701009760500284005079300008600970806205130907084502302107008
506002008190830050800590340007280034050310007920004500249050003000048209080903460
009541730003200001100893000000129087708465190900380420002618070081052040500900812
480000060070059480030860075068003547903007010741000903026901750590040032300005806
042036800089451007076982050001045760004107509030698140007803015000579280058200003
060081090100036780380005000070302509600000273203600048530020907042159000008063052
690085740510000068738401905005730609901056030000090587050608003000009154000040076
100079005004501600275806900601903004043762500500180006750610030360407100000395060
508139000064052180103604007049000275001040360387200409800470536006500890030090020
480690010030020648060408397008056400600984051004032080090805004300200875005001209
570009008261807000040025306935200080014008500720003694180072000307486100090051807
450003987008057026170020034985700040617340000000590008003906012009104805860075400
900501003030046905000379041001700364060010802270630510700102006029050100405063000
004680700627390080830410029002006318086040590701850040150708402400000865208500071
050014320604000195800359600370060084001703206060900013027431800006597032490820501
910080700004105008380047100020009653673004891500630072050793200000502307030400509
738005000050870301006092705001053896890400507205900100020001008607500400510000902
080060905000953070051400630865030000012098304493600000604125000029800403170300526
002090807009026050408005600005908271980100540000574300803041000651380020070600130
037028001010790060600310908300179020200040607009000134574002310063050482090400756
302007904697400008004293100000740610071036002206150000720080001080500360165300009
500270080003645000200813000624030970307950001005760020469081030750396000008407659
025080710037260490000590802183000600540000100000145320451070200070450061009810540
100709024200300560053860070300170905700480630580293000930048200872001006640920800
100850609500410328028307000700040005004200016200980400300700084000064953009530000
000708204820053006790160000600937000380040705247000009100000498062074001450010000
070056089365070012409010007920703140008609720040520800800007901600104058092800600
530009007970301000120700004451897000702103490089064000015032700890506200207910603
005600824087040000064008310506009073903104500871060040650730409409820700018095230
000070341240039050003860002036501800054080723902740010000017080400350060060092030
200090406600120350394005010001530940000042801040708600029850060103409508458000093
024706008700080140080009276006091005130050607900670001092030560607408310000965082
001047905540960000090150002065001084000000136000682590053010079009326001080570400
801600039490830500530020008064500980200001054000400627040750090153200070000010205
256190003843670000100002560005007034704350802002006015630004901098013006020060380
103045800987300650420700001050480069601009308830007240506134000008592016214000500
070008135650730008031205000280950703090100064000803952900020501147509006528000400
004306728903580010708040090000720805572000960000600270640070382307062109000810647
004681570200739008008024630106203085420057906050410320002975860600008203501000090
009700500020109480000045061600500230745320010102960800900402058074603092050890300
040082010800419030010507046004375100009008400080204050007021904400000382628903000
541008067278000000309170008003600470057002600916400002784010026192700003035829700
240090063039010024806300090327409600010600379960701000080104900690085040004970086
108067305000002846056980700091048563504000271300015080003079008670820100000501027
057090000384002601921000075009020310002905700016007059200109040790506100000008936
820170003090060180501090700600700415000641300007350206078400630410900807009287540
601508009489060750027004618750006800060809074000742360910600480200005930803900500
009736800000800609600005073260400900097020030800900402706000245500102706902500310
649200000523008010080390620302040100076915000415002000754083200900027030208069570
106930050304070901579004200893020006017863000205410730750690010001350029900040070
820359007709610028364708000000070186073000950005400702938100070010207040240080010
000008049960451700000903605304700090081095407570284100150800006807160000006532800
000003281325018600001029503204036050760000124519002030007054068008061300690000410
907048002000925001200300906104000897895704600730092104002109305501080409309050010
706140000409025130102063700508007040364050087017002050001570360600004805075000412
532000906160000802009230000658020700241307050903654000095002360400503280300860400
007300541084050067006407039420003070030004605061000093940530700508900310610700050
700056809005802046900304205850917000079400021000625907540260000000741653063089070
051008490900547800480130002237900000069800104148005007070203561015000249092400078
070302065260705100035040920526030090008651340040009850903027004007408209002060078
006401005204008001013500704521000400437005012060200357008100943040380506300007128
200503710071802040604070850060014935195006080740050620900031568018090070306080104
240500170500064000600902035482006053006200704735000610300095061004680027801027040
516040008020085090008013506739500042001370905000008173105400009040190057903802004
100020003320004980840960001650080100038000264002306850501630400463000590080095310
304560280021087600800002405690000520740230006010900348482700003056820710007094800
804000603600435070000076294092058000000091402700240500047302015038017040056000300
601000028040008009825009010018623050507040080902507030009834270204700001370000040
820700401410602907090048002000206509000417800270300106300501290001924000050063000
403025000008009423020003800040018300009056100085394000001507600054062030367400502
923600070046098050708402096304075620090800503061000700070203900600589000039000205
407602390050070002000453670308205704500068923072340008030020486206030050784000009
840000172072006304031004609009003418680000090400208500200001700104070820307802940
000570609697040085000390742300604958500809071984001000035007190019200830840010507
000001036102040085384567000023056098600002547000170623290000800806005074500098300
106295004000340670024700159610074005250600000903002786802503040090020563035060208
701090546023057900900048002008030619637920450100860207072480093860003004300000860
706000092004092030010003658890000520340260000102780300001806900000127860600904010
702009340000407009090020087000172095070045003125936000030060402204710908010294700
300001590200508703510370000020006408800940020100802609602080301030000087708010904
946001000003400106010206390230005681061000549480109023102030000308600210670012008
000051807090627000700000016580379000406512900002860570005203700349700020620100300
503091020710002089900587000035809462000030905070250008047000653601720004398005200
060024905000756132050093407000601009605289000041500008034018076510300804096400203
360020000059080710000790506210400000740030650930017008870900265500060109601070043
609740081410806000080059206700904068000208495040610032006480927090507013000002054
640200801010394002005018040084037100001402305003901007406000918002050674097140000
015209600600835090820670300501308060008004120204190805072056980003702500050983010
200018074370640509051307080806020700700100042520780090600971030007030068030060027
900040015000010829156090003763400180000023704090081050070800241300900560040162930
960705001174800000020096084050400067296310000740000009000270806030580902080901570
259030086100800290030002540302009104070084030006523070821045900704008305093000418
008910400040205780000408613000029805250784001480063007820300006905640008610002004
942150000008006124160028009270604900403001560010002847800245701720300480354000206
036004850007000943000378010609430100801620005053701009060040381010800094708010060
003018426900502087006070159704009832000700615080200074450190063090006541062305008
008200470047008050200407038010789603009140705873600940730806010001520060006300092
003576000080910004159024003306205708005067029090438005968041030070059800000682400
600080203127000090000709400509804300016053089002000560201070608053608940008000150
095084200340001905702003800403908070071050008809060120280130000530209080906005302
001790020040005398900284701710920060300500812500036470082350100400871030103002005
009050067086000024702400980203100050008605430040083009307501000021034090060908070
090527000000640802700813400600080001080730049350091080010358020840000953503900068
200408530503706010070031402080015040435009280900843000050302094324900100090104003
200169703090007650067345000600000217021070390005000460980006172510003984000091536
340850020000107300970360000087405960403001508659000412006010087004083009802576030
230007819005012437790300020000579003500286190800104700920061005010405078050023961
500010620182509300064000195070045060620001034030200871040057013013900400056130000
470500030039600500506031702097040000004187020000369405802010000700054000065003147
007402300059780204014065780090003470040570906703049002001030890628007100035810600
000360845008417020906520700079000258105000970802970006001790500780106002593004060
600503002950021400412009000781900003504016009306078001040130025060482037007605010
080043095000060107091805000560920010907000564308600720806092001000080906109006240
824000300016392400395604001000206804480100035600000927000968140000027580008010760
006910320023000014098200075017890050580071009300504107032109700905002830670008500
401000306097001800020403007070090480040000573052030009030100045004359260000802701
074001090601709000938400150000287501085014900006500082060000820040960030857300000
706509008000420079008760205030097026080604090009002501812000354305240900900085160
490760000600045080000230604904010703300000948000304120500070031080650400039480007
009005120207000630135200040090508203000017504400002089000703456500409070074601000
750263040381074000602080309870630900130097280920841000003450697007010825068029000
890007253410263090030080061308000920100092030000058014062030100040020386980670002
020806090030190805890405002300608009619004500085000430078500921003041600160907050
401060320000402001273019006800203054050178200300506708008021060729004035106057000
176803000020704096000026087802005004930602000765001002680507400501048060047009800
409007302800401050502908061003680270005302100207190506000716090900203704751049600
190200780307091004082006039729008013050900007010375090930007408500403901000189075
900500820008012904524900013480056130306840072059120000897030040203490700045000306
230016970050074001180209006360792048098040602425060090510607004000025169640080703
020047000006300470403005209085036004001054860630891000040062037050018040900473001
436195000970803041010004350740200500690007210502030476864010030157060080029748100
000804006080009007509267080002080100300910600000640920000591062801070039095320010
210068700095100068070250310007000906056081030084090001060907000702000159830014007
420001080600508104180049700902060807760405031501700609800320500010956300000817402
300450001600070042420301070060085007940107008875000000000798210708204050294000080
970100502038207106601050740007005364306004005402003071200490857045032610019570400
003020006002800314001637900000014708820070140017908000196503007278169000350002000
500038609981060000376090408090800030068020507200007860020085146014279300035601002
007321600010086030038504070103060807005138000006075010560043701071802000984007503
009607048418000079260890503706001304004006980080003750005102800001708005070050162
800210005020076401103059000082501040041780003050630020710005060205068010030027800
010006094204010050000054020030070405702065180056490073003087002620530040080201930
045200900000906030908350200601020083470030050893004020080490002210073045000012790
000096050704153008900820601000074519000089723009010480607048000413000005800730964
000027068010003475000409302609500107530780040807001053405318700076900001080070004
900450780308267000527000403260000807094128006000746029000675200670300500453902600
108204075400706100070000294200069087961047002704523000802070503617405820300080740
172406000384090006000800374490600002200003067703018900840002650527160003036080020
200917480009080620100420709701308200005609107000102098010060042502031000300200810
801200006306000027004013009210006500680040010030571000960430001103028000502060048
070005390004000521310206004028700450041930062000050089080670210000004938053800600
250930104307540090894010003060000580105700426472080001000800369609100045508069002
020370600370060089060905000002600018693080005015207004006049032000820057080531006
500380001910460000803012506080520049079100200000906108008271000200693800790850600
590120038402960070031005020940700080823000940060489350200500860308000794074008210
015800006406790010000165320040050601907410030050023409001040952594270060600089007
009810650180006420005020701297001300530400060860200190000340506416500800302000904
016030902082760000070105003037900208008070094209810600600080729801090056095002001
701089020000127040200635007000943071403008692970000834520390008100850069804706003
900128700008006034050930102879000003061400820400680500004000360085300297307002400
000925701000638420902000086058091004706804310410006005600703150001080267087100903
071056002500108700002094000400062080208470063609810027005000074704509600086247000
409026800060085007030071026302609080090812060086034090020540109903060240014008053
800320016937510008006084509003452601251068070069007025502690083310875002600203100
437006128126070040950200603003820016840760302260043080000007904010000037004680250
070436008420500703000172500003207040210050006904000257049005630062703405500040802
845000029019056800067008500901360005034890002000005193008219300796030210020087954
020435000034170080506890310001269408402300156080514090860001920317900600049050871
094150700108097200002040003050039800030624100007510630720905401000270396010003572
400010789570006413300904060094030850250400607030601902140060508005100006900080004
200080060400020057976000108000091270010007490690302800704010680039260040100974502
100065790006100503094008000057020610301000250000850300075903020810042000009017036
098050420240003006730000809057840060004009780061000902609038204500091037013726000
070040569809070001504961000200107403740800605385094000900300750600485012400709806
034850002008700005000030086160097008800000941090508620340172009200000574700900210
619070035003691804700030960097504083004309517005087409930846050000053006076902048
401050307700308502385270006003100024190780000072043019210065008030027061046031000
000230714024078005300040829280090043430000100009403680090760030670080050843001270
970283000831004007050719040097001065080076234003825710509000070306507402700160093
004065010058090206600208594000002649005940087410007000592004863347000950080009002
612790035070002460050063009700000306830601007090378040247809600900200504100030290
608003200090087645700000138006034710001605490407100006309708500504920380072051000
587900206410036709609000150000052008028400010340100902000600520090005007100070803
070504360005021479941000502104756800087030106300140705456010008810000007009085004
050600081819705006400138500000091620000350890398460000905000408084000910000980705
070400601506091087821506900607203000080760413304010002008930020495008000000657049
040070090200009304010240705020480509001025040030000278760030001003107820050960437
003090456057480000000305702006520070700100560090600023070061090900750000800900300
103500720720000504590002301940057830000031905030040617060910470407308090019470200
548002009392004008006300425000060051860140000120800604603470002280000147400028536
400300068620900734078046000900460100034185920150293000801059040590024000040001895
039680000060057304007003608000409230023000450074300069081000970002700006795060140
035007610070186300168530000392010080807603400500928007080360751021400063653000042
038710029901402300052390140014527000069831005500640230793200000106003750825070600
152900600063010580080465010800174036040032700307000145018059000904600800036700001
630000195000650408859040002310200050000875061587063040400912700208036904090087006
060571090941200600080604001408107009130060400600420013003052046004316050516009020
460053070300760005071004032005007368810635040630428090080040956920076800156089000
136000089090160237207005040054810920000590070700300108070409300000601004040720800
106409350350600040800050162905060423704000091001000876093070605600004239512306000
000248030003510720921000485400801007080900250030007018098035041006180592514600870
504009801009518700600047039926073100080005362000082074390806400742001005001754003
430500098600190032902380065026740800190802307083005004340079006200038900800051200
024035006039800405100406307060050090903204068001907204000749600097000800240500070
005028341480650900002100805546030009009560438030200056068302090054906203920000680
150403600003129800000760900092306050000904203530870060345690008080230014000040396
037510000061870034090043001029785400380400759000090180000954620005067018070008945
304702600678000201290080035080061450000378010900025807007006089526800000809150006
304006081210080409807003500509800074700064200403710096000658317108300045035071000
758000491210400300003051082000813504084500973060049200090235640420690000500104020
000586090070109845005004016409600082502010009068090103000230574057908021020005908
965020003704310005030095060007000816600581004801607030056002380009004021218900057
004000160708600009619000530070085306403906005105040090201408900896003050007002600
407018006006090108185000029641050070970062004800401063709026005564009230200305097
900701206016580079273900000865010000130007080029050030082065790040809053500003860
060504028285000740310027906020410890050702034803600017001070460098045300002396000
900461005600050294543097000701049000090000361050103907024900800000812409870534002
790045003048396070020781090302100764960000501050600820470060000030900257215000906
005207003400018709002430015276100900000896000030020006041000060607084030000070594
629070080105600074300001926560003019918020030700509862251008600890240000430000290
014090053382005079050400106806000501000306824025080637290600000060500748000013062
037000016082700405050400920520807049009104308040059602008970200090003780760280500
100003426400512030923764000090246003360800049704350600278000004009020068600008075
203580009680120305500690821006251007820406903471000256390702508068045700700809100
510008040069130750043059001051400903308000204204810076430901028000305497087600035
640000907027009340008347001005021609060038170001076500300680052000293010286705400
791003540365040002400509630900016807670008103518027904059004206000002305200080400
030405860748000259520090040460001705300006482800034010100002570000317600074009020
740090060302050107050120084235061800679240003008905020060510030024300670100672008
000803619003050408006001200061732000005160732230090006650300901379004800148000360
489000000002009083356000900005006030800270105204150076041030700027640009630091004
020784010500306070700010496450038000080901503610057040875109000000073200390405000
008630072027085604560200080689700045430019008005804003000496007700002836006370491
500040130060000984003910057326070501800050200905201070790386400000790320030100790
900726001030054908107300056751009300409530007300407560500201603673005000002900745
054207010600084205280500674000890746040050801068740020000070102520003009400000057
017653802306009705290817003908206100054008006602100900821590000500001200040002581
524601080031902000908005210047300800096008700085000609409003070803169000610000390
005132406000465709304000125000890561050207090030601270603508007401900052007024600
053006018062053004940007003015900730396010850080005049024300695678540020539200007
053900000800200175607400093002608740560720001700140200981002604200364010436091000
004001869650007120093860504700604010001070630060100407430000001800520006506013090
008006075207500001650007402306190500100065007800470096410620703082009000003741020
500104000040000108001836500400080020179360485826000000905040600207610050014500000
020050807070804063856000104067509080502000710080302640005908406048065931000047258
504019670306070800900600503000750094045000038210800700090500407007000056650900381
740000302001830090038000451000086904104050700807001506209060005003502800470000063
000500021020007059500042700050270094940006070602094035009065800030928000705403062
760020004305004200001058700010530080906040350003000407179000800830005670002097140
020037400040105070907040630090300547680090321004000860203079054070403200459600003
400639500600507409002008603100280950520040036038956004091860040064075098870004060
400192070300405906207006500804609003700850462003020109640501000900200841100900630
975830000608072009201090007027415003364900005009067024000080350596000278780006900
089600450720845090506010207470900836390000002860002040000104369000076128008003574
205006084748005012900240305100600009000759030000010768001804096400360020600590043
401809002967000000300500901004095300006740095005308020070980056608057009500260817
860457000300901065510800074008169000100200930200380617987602300401500780603008009
704602000000450679069000104603010700000207301027000460058073010970125040000806900
510007800000608100200450009062700080007805601980062074094016008853200010021384500
090600708060080210070200054908170002710028063004003107386700400150342070047060001
003600418105400763840010009070901006009278004201564090060000981007005600080106305
095400721764009008800703900070084000400002857210670403140200080082041009007036010
964850000807090450000407980078604091105709600096000048480000370051203800600508010
200190034000780906970040028590800000004319500703000680009400007830001205406030090
057400021268003500400925070000246908002087405004091762346002009081650003500130087
060420030823600570700803010390106040215040706000500081680900007034000108100084960
820000097194203000756000032005001020041020073002408015060310050207050308009800701
237408100004290007009371002008903600090700008073580410346020001002130760710049000
050630028720800003008702159040570901070320860800100472493206000080950314507003290
580009743009072016060030290730001059400795000010003072003100520850320000070950000
013460000084035001600700480198670000456800090302049610807050129000920074040100536
200680100070020896006914002000098465630075000950460703762800000009130207013700609
046970030100630507379580000804000925050003416960020780205060104407000369000100058
200074300968000240703082600450100008801003026090800104600249001100356000529000400
006241000409080027820700430600400315108659070050137960900310740560000082741860500
695004080700050100000097050000960072007501060050020914034600820270300605560082000
905004603300760050600930748400270100289006004001450009100807305090020017037041890
710080900008190340040270080000024710200800465680017003097008024400960071802001539
010040267060309085005070430003297008100030940502000306200903004057400020000752890
600340700548900020930602081070029016800060309169435070405000902286004007093016000
000058604605001030309026800208009570534060019700030068902080106050100087813070900
000900765060005084850700201300200100900350076504010003600030098035002640098500312
000791300147800600039400710008003071016270003000180540001567030700312000003900150
001287496060001705079060800804000261012050300306400507025000934900640100047000058
200090380603052100180004025000715943301480000097203008004901067008070401700508209
071400000000910468940006720012080950800204017735009800084000270300870004100342005
506007008301050027790103560105004700402008109900501042800302095604010083000485070
700500603009000421061900075910356000035092700082010050070240060024060007500003102
040091280002053090150820000006010009400006508020409710060230070000967053730140902
300000807564702003098010600020695078845201000000034200050300049007059060009427080
807164000190007084040390175578031006002079040460000031905010400080056302631002050
900438061208900040403007009500086004000502016740000025100020458600074103084000670
237090600050600947096178502360800720800036190075200300503912000720560003614007000
501083097090765800074000653089502006705896000603104089040328005230051000058600900
607354009923080560000269071100000890090072005004915020430706000805090700270008000
298500100605400000704261000000627810100805070500100426006904050401000798000780641
980506001006803200430010080861029000503670140207035008000004710004250060000061420
690000821708062004200103679509206000380500900106809050007041305035028006460300000
600700103740960000102005476370408509024603701900257004405806007200004005810000642
000480390893700260247000100506900710920673008374015000700030006409000501018500902
574009600106407050923685000749200008060040105800900204001863000007094836008002419
100605043200400700439127000800006021026000490950300078692800034010564080548209100
300506781002380006005790023670400912903017640051902007034000168100643209006108074
304098017070210940195003200230069400060157032500024079900406020706500300802000065
065149007000286000020375108650900080080704013713062009500430201308001946240607005
500914006032000401104000750013056070057021000020739805380045067241087009700100080
962430500480500602010609083004213050100895000025700300049000708000967024071300065
300190207209530610560200304106002070705060102482050060054620730800400026627000409
012080905603005174049700002250607400406000800107040026020008053074052000800073040
083001090052608407007432000805009760001360004000054012069045028270910600510006009
100980040649053800087642000401509000006304059503821000700290010004718030210406070
600000741400001893019000256700050402000080109030074508100000320980003010300210084
078200053005718090000359070064500010593071000001090600407106080050900321009825704
026170034009580206008406590200060058057802009380905060060008470015607020400300680
350170000260009045148000070000050704790213080500640309800736400400805030900001850
070240109029007035063901270698070500240105300301086092000704603010639000036028004
053840000790001450026073100000008647840030200670090538287900310500007926360210874
915200360804306290600100005401000607006021503502763010208530100040618702107902030
700300009320008760810060300090580040060940273401000598937810000182075900045090100
807300900010057603006042871032571008504089302600230507008090705000065209790008030
183902400200704305040160802008091203050320004432070080724609030810035000305000120
010780560070400103060000028028060047043107000697802300951004030230900670080235010
000089165540010392109032007087200903001000726632000014806050200094106000720300640
100506032340900080007008590472000015508401006603800200930280100004060908801700063
243000056951060000008500013030900245480010360569020078795200030310609807006137590
005098017008120604000504398007002103004905780023010040239081000081003000546270001
038060157170348900029170004006400003040853000510790400001900700790680300804507000
050602100608501002271003005030417000014026503706308900082100457149030008507204391
017006080500004907004578006000413002183000740600807350421000008076005000090701600
125340087000570410040206530014890350096030800208650700052163000680007140900485060
105804000300002704264900108010365200000248001020001860000179080641503000007406510
096201050542008003800003260278004500905720081401895000020187040750000038084500607
401080053308205701500000490900024607056000340240000910630800100100070029729400800
004350710650790000800002059500479300009583402430601905746005803310064007200030106
900060024314500006267090050402610803698070540153084000000056012500730689020140730
080400591024710063906500042605140009001007056308206004860370020100024038002000617
040001835103004002095300007030002601210060000406003009967035020324906000001040396
000407300000915804090683002000801060071200003058070020080560010060732000027108600
010085020042600800090024050008176000073500608900038010680003070000801064000769080
090070560106980003785400010008039000600804320230756090940300006001607200000591480
142700000030009248006425010900530800007940100400167029600350781304000952070091406
010070800098300006300198000085043620601020407040861950024937005750400008160000374
730800290009163400540000803075609100083520970962700500208300600304210705057090000
050400709007512000230078000010604800000381070003059602140807900578090000396100207
204080036659003000801047050407000325060024917120095604786030500345070061000050740
908130600053407000027009300500270030794050000062001400839710000415908000270040000
807602100103079805020080076491827000250100004706004200010238050305700910602005300
120859700674023050590600013386001500040038690905000384439010805850046109000985030
000804710154060080080300940360470800070189003500623170805091037013046250726000090
004971008060004017700650349470300600629100003003267400006013705207509106030726004
400000318813007200692300000300014927769005100201800536137008090924003000500190473
458600070000017058700905406207500803100078500003260749605823100010006005002000084
500964080409008502060007904106083005003701096850400030024079050005102009030045728
060783020230610805010005007945008070003521400001900503096002700070030209050197000
001300970679000480832900650450208100010074005006503807905830060180005320063400510
000429017900580200100060859053870900200105703017090002001038095004057006560204000
200700093001002406009601270904053082305000941128004600013009560600430810000516320
004003786609810000035000194100005927002009403006702510001030840923450600400621350
000580172500326040482000003004918050100060428708240916210000730935000080800030295
002780060050640072709000504094302058003958700870406003007504806500800027000267030
008003705000608100500701902085437090170000603903000078802070049701394000009860007
070004108310000240490125006800706509059002710020500860503001087902050031100893602
034070005001052060605104730400000521500260940003400670376090084000643190040820050
080270000160000208204910065820500007903702100040830052000107006602485010510003809
040001382726030019000002567000520678008017045075008900000073854387954000400086090
002400910040590026600280047005640281000315004416720030004806103800150090001900478
703250000500080069940170320000804632400002057302700004000548096050930200019607043
803009007659708010010006982500940020031600740064087090000395061006270000340000209
690080030053200900002003450040002508930405100526800700000750314071090605005100079
069300520005140307430060900048023700050470600091006203023610400074090136510700800
050098421800021070100003860060010043230040658074006092010007980000004210000182530
183007000700820031060351700890500016410090578036000049920785100058010090000900850
012040589500298007079050200400507610050401908108000054001062470960074321040015806
073800512102004098080015047000730086710609005906028001021000769004080123090002054
500147903017008040840600570000004365980300724463000008004510007608009012700002650
600420730534009600009030458002507016000304500057002080083240095400008063026953007
000238500250000009084059123078020936015300080309006051500010600047002005090570210
790006804400150026060048903320085090576400108809001500930000601218900340050803270
600005004900106802004002900080593047736421000005708103809004001347600000002830469
970050008203000607180006304352080706700405000800062530600003479529807100437000820
090500024820107000704902051378050009900800346106093008460000080207089030589320000
